v[0],v[1],v[2]
2.5093,2.5084,3.0
-8.6862,-9.6268,1.0
-3.4118,6.9496,2.0
5.4925,8.6621,3.0
-6.9815,9.8587,2.0
-5.0162,-9.8352,1.0
3.0773,4.1641,3.0
-5.4856,2.0368,2.0
7.6946,-7.8432,0.0
3.0441,-7.1616,0.0
4.3979,7.2494,3.0
-8.6322,-7.3589,1.0
-1.7238,-6.7763,1.0
9.7155,4.3454,3.0
-9.9335,3.625,2.0
3.7927,-7.9287,0.0
3.276,9.9758,3.0
2.9627,0.7587,3.0
0.7376,9.9383,3.0
6.3475,-7.5898,0.0
-6.3008,2.8331,2.0
-8.3347,-0.0948,2.0
-2.5835,-7.4516,1.0
3.4659,4.9399,3.0
3.0784,2.5394,3.0
2.0242,8.0782,3.0
0.5602,-6.489,0.0
-1.833,-0.1141,2.0
7.4449,-9.9033,0.0
-5.1028,-3.5544,1.0
-6.425,-9.6186,1.0
-3.4102,8.9098,2.0
6.0562,8.1255,3.0
-5.4157,-8.9492,1.0
1.2241,6.2345,3.0
7.3583,8.4962,3.0
-0.6749,-9.7829,1.0
-5.8467,-4.095,1.0
-9.4152,-6.1357,1.0
2.6106,2.9141,3.0
9.4681,-1.3857,0.0
3.2702,-3.7161,0.0
-3.2951,-0.2101,2.0
2.0877,6.5395,3.0
-4.5952,-2.3895,1.0
4.7465,8.3924,3.0
0.4699,-4.2314,0.0
-2.71,1.6696,2.0
-8.7629,5.4626,2.0
9.2873,0.7944,0.0
